0 0.152832 0.468605 0.034180 0.039535
0 0.112793 0.488372 0.012695 0.016279
0 0.137695 0.517442 0.039062 0.048837
0 0.182617 0.513953 0.019531 0.025581
0 0.196777 0.608140 0.041992 0.055814
0 0.195312 0.550000 0.015625 0.020930
0 0.283203 0.580233 0.035156 0.048837
0 0.316895 0.579070 0.014648 0.016279
0 0.262695 0.632558 0.023438 0.030233
0 0.147461 0.596512 0.023438 0.020930
0 0.358887 0.659884 0.051758 0.040698
0 0.007812 0.866860 0.013672 0.031395
0 0.039062 0.879070 0.023438 0.030233
0 0.326172 0.439535 0.042969 0.046512
0 0.384277 0.478488 0.032227 0.036047
0 0.388184 0.173256 0.041992 0.037209
0 0.495117 0.283140 0.023438 0.026744
0 0.474121 0.446512 0.018555 0.020930
0 0.441895 0.568023 0.026367 0.031395
0 0.507812 0.130814 0.015625 0.022093
0 0.599609 0.118023 0.027344 0.026744
0 0.556152 0.755233 0.034180 0.040698
0 0.534668 0.730233 0.016602 0.016279
0 0.567871 0.703488 0.018555 0.018605
0 0.593750 0.727326 0.015625 0.017442
0 0.638184 0.722093 0.022461 0.023256
0 0.690918 0.698256 0.016602 0.017442
0 0.707031 0.723256 0.017578 0.020930
0 0.710449 0.565116 0.026367 0.027907
0 0.666992 0.547093 0.017578 0.026744
0 0.502930 0.518023 0.007812 0.010465
0 0.578613 0.598256 0.014648 0.019767
0 0.568848 0.397674 0.010742 0.009302
0 0.600098 0.323256 0.008789 0.009302
0 0.717773 0.411628 0.023438 0.030233
0 0.869629 0.497674 0.034180 0.039535
0 0.828125 0.531977 0.021484 0.036047
0 0.959473 0.548837 0.043945 0.048837
0 0.984375 0.482558 0.031250 0.041860
0 0.926270 0.382558 0.041992 0.039535
0 0.989746 0.384884 0.020508 0.046512
0 0.971680 0.199419 0.023438 0.024419
0 0.947754 0.271512 0.024414 0.036047
0 0.853516 0.640116 0.033203 0.033721
0 0.921387 0.698837 0.022461 0.020930
0 0.976074 0.804070 0.036133 0.036047
0 0.893555 0.805814 0.037109 0.051163
0 0.933105 0.801163 0.022461 0.030233
0 0.929199 0.773837 0.026367 0.019767
0 0.817871 0.859302 0.018555 0.023256
0 0.762207 0.862791 0.016602 0.023256
0 0.780762 0.790698 0.024414 0.030233
0 0.872559 0.853488 0.016602 0.018605
0 0.945312 0.920930 0.021484 0.027907
0 0.854980 0.891860 0.032227 0.032558
0 0.773438 0.972674 0.029297 0.038372
0 0.864746 0.934884 0.020508 0.041860
1 0.027344 0.368023 0.052734 0.040698
1 0.066895 0.302326 0.053711 0.030233
1 0.089844 0.244186 0.025391 0.044186
1 0.113770 0.300000 0.022461 0.044186
1 0.132324 0.213372 0.028320 0.059302
1 0.162598 0.430233 0.098633 0.137209
1 0.220703 0.203488 0.144531 0.286047
1 0.357910 0.374419 0.063477 0.111628
1 0.326172 0.486628 0.031250 0.050000
1 0.278809 0.549419 0.047852 0.075581
1 0.557129 0.426744 0.096680 0.034884
1 0.551758 0.506395 0.033203 0.119767
1 0.507324 0.454070 0.012695 0.033721
1 0.060547 0.751744 0.044922 0.061628
1 0.140625 0.719767 0.023438 0.023256
1 0.157715 0.675581 0.028320 0.048837
1 0.222168 0.716279 0.043945 0.041860
1 0.137207 0.873256 0.047852 0.027907
1 0.193359 0.795349 0.048828 0.046512
1 0.017090 0.939535 0.032227 0.023256
1 0.339355 0.961047 0.030273 0.077907
1 0.406738 0.861047 0.094727 0.052326
1 0.491699 0.979070 0.053711 0.041860
1 0.496582 0.329070 0.020508 0.041860
1 0.554688 0.192442 0.019531 0.033721
1 0.597656 0.241860 0.066406 0.027907
1 0.678711 0.280233 0.037109 0.027907
1 0.770020 0.520930 0.049805 0.039535
1 0.892090 0.641279 0.079102 0.056977
1 0.566895 0.819767 0.036133 0.032558
1 0.702637 0.640698 0.053711 0.034884
1 0.481445 0.647674 0.050781 0.034884
0 0.420410 0.612791 0.028320 0.023256
1 0.847168 0.160465 0.022461 0.030233
1 0.961914 0.337791 0.039062 0.022093
1 0.940918 0.372093 0.063477 0.039535
1 0.645996 0.480814 0.020508 0.063953
1 0.690918 0.079070 0.018555 0.053488
