0 0.431641 0.341860 0.044922 0.058140
0 0.672363 0.220930 0.022461 0.027907
0 0.748047 0.036628 0.019531 0.024419
0 0.763184 0.083140 0.026367 0.029070
0 0.694824 0.722093 0.036133 0.039535
0 0.680176 0.918023 0.026367 0.024419
0 0.669434 0.983140 0.032227 0.033721
0 0.974609 0.973837 0.035156 0.043023
0 0.426758 0.241860 0.017578 0.016279
0 0.916992 0.589535 0.046875 0.067442
0 0.583008 0.830814 0.021484 0.022093
1 0.450684 0.844186 0.129883 0.081395
1 0.636230 0.594767 0.069336 0.154651
1 0.652344 0.306395 0.277344 0.080233
1 0.519531 0.356395 0.037109 0.080233
1 0.617188 0.415698 0.054688 0.150000
1 0.858887 0.437209 0.055664 0.162791
1 0.496094 0.055814 0.044922 0.097674
1 0.963867 0.822093 0.072266 0.062791
0 0.015625 0.261047 0.011719 0.015116
0 0.062988 0.326744 0.090820 0.113953
0 0.210449 0.427326 0.075195 0.082558
0 0.354980 0.648256 0.059570 0.068605
0 0.039551 0.672093 0.030273 0.041860
0 0.146973 0.875000 0.120117 0.094186
0 0.294922 0.757558 0.050781 0.047674
0 0.241211 0.753488 0.015625 0.013953
0 0.506836 0.525581 0.021484 0.018605
1 0.155762 0.151744 0.149414 0.259302
1 0.078125 0.438372 0.105469 0.141860
1 0.079102 0.603488 0.042969 0.072093
1 0.025879 0.648837 0.049805 0.041860
1 0.791016 0.697674 0.089844 0.241860
