1 0.062988 0.105233 0.067383 0.073256
1 0.107910 0.172093 0.024414 0.090698
1 0.121094 0.236628 0.013672 0.043023
1 0.167969 0.430814 0.021484 0.045349
1 0.037109 0.815698 0.068359 0.082558
1 0.026367 0.925000 0.048828 0.112791
1 0.137695 0.810465 0.017578 0.044186
1 0.192383 0.850000 0.019531 0.025581
1 0.951172 0.029651 0.035156 0.052326
1 0.968262 0.235465 0.022461 0.096512
1 0.912109 0.203488 0.039062 0.044186
1 0.839355 0.254651 0.024414 0.032558
1 0.871094 0.297093 0.029297 0.040698
1 0.725586 0.020930 0.035156 0.032558
1 0.788574 0.073837 0.026367 0.029070
1 0.752441 0.180814 0.014648 0.026744
1 0.717285 0.101163 0.043945 0.041860
1 0.104492 0.738953 0.025391 0.040698
1 0.909180 0.576163 0.044922 0.024419
1 0.314941 0.182558 0.022461 0.023256
1 0.294434 0.184302 0.012695 0.019767
1 0.806152 0.366860 0.026367 0.024419
1 0.562500 0.941279 0.013672 0.031395
1 0.711914 0.904651 0.023438 0.030233
1 0.794922 0.926744 0.025391 0.025581
1 0.857910 0.775581 0.045898 0.018605
1 0.780273 0.726744 0.025391 0.023256
1 0.750488 0.729070 0.024414 0.018605
1 0.817383 0.703488 0.015625 0.020930
1 0.899414 0.738372 0.023438 0.013953
1 0.783691 0.327907 0.022461 0.011628
1 0.696289 0.505814 0.021484 0.027907
1 0.747559 0.543605 0.022461 0.022093
1 0.643066 0.609302 0.014648 0.039535
1 0.875488 0.338953 0.032227 0.015116
1 0.922852 0.341860 0.011719 0.025581
1 0.993652 0.130814 0.012695 0.033721
1 0.915039 0.125000 0.021484 0.015116
1 0.959961 0.112791 0.027344 0.011628
1 0.185059 0.159884 0.010742 0.026744
1 0.252930 0.065116 0.017578 0.013953
1 0.552246 0.073837 0.014648 0.024419
0 0.042480 0.276744 0.014648 0.016279
0 0.104980 0.294767 0.014648 0.017442
0 0.033203 0.314535 0.013672 0.012791
0 0.060059 0.286628 0.014648 0.019767
0 0.075195 0.397093 0.011719 0.015116
0 0.086914 0.422674 0.017578 0.017442
0 0.122559 0.419186 0.016602 0.015116
0 0.005371 0.456977 0.008789 0.023256
0 0.039551 0.525581 0.014648 0.018605
0 0.062012 0.637209 0.008789 0.011628
0 0.161133 0.606395 0.009766 0.012791
0 0.130859 0.740116 0.021484 0.024419
0 0.125977 0.765698 0.025391 0.017442
0 0.172363 0.780814 0.020508 0.024419
0 0.185547 0.740116 0.021484 0.026744
0 0.195801 0.703488 0.032227 0.030233
0 0.205566 0.655814 0.018555 0.013953
0 0.208984 0.638953 0.015625 0.010465
0 0.217285 0.602326 0.012695 0.016279
0 0.224121 0.668605 0.014648 0.013953
0 0.231445 0.568605 0.021484 0.018605
0 0.297363 0.605233 0.022461 0.017442
0 0.300293 0.655814 0.018555 0.025581
0 0.295898 0.694186 0.017578 0.027907
0 0.319336 0.679651 0.021484 0.022093
0 0.248535 0.797674 0.018555 0.020930
0 0.242676 0.834302 0.028320 0.031395
0 0.281250 0.807558 0.019531 0.022093
0 0.277344 0.852907 0.025391 0.026744
0 0.331543 0.799419 0.022461 0.022093
0 0.335449 0.777907 0.010742 0.013953
0 0.285156 0.731977 0.011719 0.012791
0 0.257812 0.750581 0.019531 0.019767
0 0.354004 0.779651 0.022461 0.026744
0 0.369141 0.819767 0.035156 0.032558
0 0.356934 0.861047 0.026367 0.015116
0 0.418945 0.805233 0.019531 0.024419
0 0.449707 0.808721 0.018555 0.022093
0 0.366211 0.739535 0.025391 0.027907
0 0.416504 0.763372 0.018555 0.026744
0 0.428711 0.736047 0.021484 0.025581
0 0.424805 0.711047 0.013672 0.015116
0 0.323242 0.636047 0.017578 0.020930
0 0.344727 0.595930 0.017578 0.015116
0 0.319336 0.540116 0.015625 0.017442
0 0.333008 0.572674 0.015625 0.012791
0 0.356445 0.534302 0.021484 0.022093
0 0.330566 0.506977 0.026367 0.020930
0 0.336426 0.484302 0.012695 0.012791
0 0.334961 0.455233 0.015625 0.024419
0 0.348145 0.459302 0.010742 0.013953
0 0.266113 0.443023 0.018555 0.013953
0 0.167969 0.369186 0.009766 0.012791
0 0.204590 0.380814 0.016602 0.019767
0 0.211914 0.417442 0.017578 0.023256
0 0.181152 0.328488 0.032227 0.029070
0 0.197266 0.309302 0.011719 0.018605
0 0.181152 0.222093 0.018555 0.020930
0 0.190430 0.197674 0.011719 0.009302
0 0.249512 0.348256 0.016602 0.019767
0 0.274414 0.397093 0.019531 0.017442
0 0.270996 0.422093 0.016602 0.013953
0 0.294434 0.343605 0.020508 0.017442
0 0.305176 0.305233 0.024414 0.015116
0 0.316406 0.265116 0.023438 0.025581
0 0.327637 0.213953 0.024414 0.027907
0 0.356445 0.420349 0.025391 0.026744
0 0.387695 0.441279 0.015625 0.019767
0 0.377930 0.457558 0.007812 0.010465
0 0.377441 0.339535 0.024414 0.018605
0 0.344238 0.391279 0.008789 0.010465
0 0.375488 0.388372 0.016602 0.013953
0 0.390625 0.411047 0.011719 0.015116
0 0.389648 0.584884 0.017578 0.018605
0 0.411133 0.625581 0.027344 0.034884
0 0.437012 0.622093 0.018555 0.025581
0 0.448242 0.683721 0.019531 0.020930
0 0.478027 0.701163 0.016602 0.023256
0 0.458496 0.650581 0.022461 0.019767
0 0.479492 0.672674 0.015625 0.017442
0 0.489746 0.654651 0.016602 0.016279
0 0.419922 0.594767 0.017578 0.015116
0 0.465820 0.591860 0.023438 0.020930
0 0.423340 0.561047 0.034180 0.024419
0 0.444336 0.535465 0.027344 0.029070
0 0.405273 0.515698 0.019531 0.022093
0 0.453125 0.497674 0.025391 0.032558
0 0.431641 0.483140 0.009766 0.012791
0 0.427246 0.443605 0.012695 0.012791
0 0.421875 0.376163 0.019531 0.022093
0 0.452637 0.386047 0.026367 0.030233
0 0.458008 0.430233 0.017578 0.016279
0 0.468262 0.453488 0.026367 0.027907
0 0.486816 0.428488 0.018555 0.024419
0 0.506348 0.448256 0.012695 0.017442
0 0.500977 0.481977 0.017578 0.019767
0 0.536621 0.493605 0.020508 0.026744
0 0.521484 0.529651 0.015625 0.026744
0 0.516113 0.565698 0.016602 0.019767
0 0.503418 0.591279 0.016602 0.017442
0 0.472168 0.556977 0.010742 0.011628
0 0.495605 0.835465 0.010742 0.017442
0 0.516113 0.838372 0.016602 0.018605
0 0.549805 0.843605 0.013672 0.017442
0 0.523438 0.811047 0.019531 0.024419
0 0.551270 0.818605 0.010742 0.011628
0 0.562500 0.812209 0.011719 0.010465
0 0.571289 0.781395 0.019531 0.020930
0 0.531738 0.769186 0.010742 0.015116
0 0.548828 0.706395 0.015625 0.022093
0 0.558594 0.748837 0.009766 0.013953
0 0.589844 0.731977 0.019531 0.026744
0 0.587891 0.702907 0.011719 0.015116
0 0.566895 0.671512 0.010742 0.010465
0 0.569336 0.634884 0.013672 0.016279
0 0.580078 0.655814 0.013672 0.011628
0 0.584961 0.669767 0.009766 0.009302
0 0.604492 0.662791 0.019531 0.020930
0 0.598633 0.690698 0.013672 0.016279
0 0.574219 0.606977 0.015625 0.020930
0 0.610840 0.636628 0.018555 0.017442
0 0.617676 0.604070 0.024414 0.036047
0 0.634277 0.567442 0.024414 0.023256
0 0.597168 0.529651 0.018555 0.019767
0 0.617188 0.758721 0.013672 0.010465
0 0.652344 0.756977 0.019531 0.016279
0 0.638672 0.730814 0.011719 0.015116
0 0.633301 0.699419 0.012695 0.012791
0 0.643066 0.782558 0.020508 0.023256
0 0.663086 0.833721 0.017578 0.018605
0 0.694824 0.818605 0.012695 0.013953
0 0.664551 0.715698 0.014648 0.019767
0 0.723633 0.762791 0.015625 0.018605
0 0.729980 0.826163 0.022461 0.024419
0 0.691895 0.858140 0.010742 0.009302
0 0.781738 0.822674 0.014648 0.012791
0 0.783203 0.848256 0.031250 0.026744
0 0.905273 0.848837 0.023438 0.030233
0 0.968262 0.805233 0.012695 0.012791
0 0.984863 0.836628 0.018555 0.022093
0 0.838379 0.715698 0.020508 0.022093
0 0.799805 0.745349 0.023438 0.023256
0 0.947266 0.651163 0.021484 0.025581
0 0.960449 0.722674 0.014648 0.019767
0 0.681152 0.676163 0.018555 0.022093
0 0.684570 0.636628 0.019531 0.026744
0 0.667969 0.697093 0.007812 0.008140
0 0.662598 0.584884 0.020508 0.018605
0 0.699219 0.587209 0.013672 0.016279
0 0.714844 0.591860 0.013672 0.013953
0 0.694336 0.616279 0.017578 0.018605
0 0.713379 0.613372 0.016602 0.015116
0 0.804688 0.636047 0.021484 0.020930
0 0.837891 0.602326 0.013672 0.018605
0 0.840820 0.571512 0.011719 0.015116
0 0.853516 0.563372 0.021484 0.015116
0 0.644043 0.516860 0.016602 0.017442
0 0.607422 0.486047 0.011719 0.009302
0 0.610352 0.499419 0.011719 0.010465
0 0.648926 0.491279 0.022461 0.024419
0 0.620605 0.453488 0.024414 0.027907
0 0.563965 0.423837 0.014648 0.017442
0 0.402832 0.247093 0.026367 0.026744
0 0.425781 0.281977 0.023438 0.024419
0 0.369629 0.254651 0.008789 0.009302
0 0.383789 0.269186 0.005859 0.008140
0 0.424316 0.320349 0.018555 0.017442
0 0.464844 0.297674 0.019531 0.016279
0 0.416016 0.206977 0.029297 0.025581
0 0.423340 0.161628 0.014648 0.016279
0 0.447754 0.180814 0.020508 0.015116
0 0.453125 0.206395 0.017578 0.015116
0 0.463867 0.219767 0.011719 0.013953
0 0.442383 0.081395 0.013672 0.011628
0 0.414551 0.077326 0.008789 0.008140
0 0.452148 0.119767 0.007812 0.009302
0 0.468262 0.133721 0.016602 0.016279
0 0.480957 0.154070 0.014648 0.017442
0 0.494629 0.366860 0.024414 0.024419
0 0.519531 0.392442 0.011719 0.012791
0 0.507324 0.417442 0.008789 0.009302
0 0.523438 0.370349 0.013672 0.010465
0 0.567383 0.367442 0.019531 0.018605
0 0.520508 0.306977 0.023438 0.023256
0 0.509277 0.330233 0.008789 0.006977
0 0.509277 0.274419 0.012695 0.011628
0 0.323242 0.740116 0.009766 0.012791
1 0.328613 0.718605 0.038086 0.020930
0 0.376465 0.641860 0.006836 0.009302
0 0.380859 0.687791 0.009766 0.012791
0 0.402832 0.659302 0.018555 0.018605
0 0.523926 0.225581 0.008789 0.009302
0 0.480469 0.088372 0.021484 0.023256
0 0.505859 0.078488 0.015625 0.012791
0 0.562012 0.136628 0.012695 0.017442
0 0.596191 0.108721 0.016602 0.019767
0 0.556152 0.164535 0.018555 0.017442
0 0.622070 0.197674 0.021484 0.027907
0 0.570801 0.212209 0.008789 0.008140
0 0.590332 0.193023 0.010742 0.011628
0 0.558594 0.222674 0.011719 0.010465
0 0.615234 0.242442 0.019531 0.015116
0 0.602539 0.252326 0.011719 0.013953
0 0.557617 0.258140 0.023438 0.025581
0 0.588867 0.271512 0.013672 0.015116
0 0.644043 0.263953 0.010742 0.011628
0 0.620117 0.270930 0.011719 0.013953
0 0.638184 0.279070 0.014648 0.013953
0 0.595215 0.320349 0.014648 0.015116
0 0.622559 0.322093 0.014648 0.018605
0 0.657715 0.308140 0.010742 0.011628
0 0.631836 0.394767 0.013672 0.015116
0 0.638672 0.367442 0.007812 0.009302
0 0.549805 0.447674 0.005859 0.006977
0 0.674316 0.390116 0.022461 0.022093
0 0.672852 0.411047 0.019531 0.019767
0 0.486328 0.056395 0.011719 0.017442
0 0.341797 0.027326 0.013672 0.019767
0 0.331055 0.005233 0.015625 0.008140
0 0.404785 0.022674 0.012695 0.012791
0 0.569336 0.048256 0.011719 0.012791
0 0.608887 0.044767 0.012695 0.012791
0 0.605469 0.075000 0.011719 0.012791
0 0.583496 0.090116 0.006836 0.010465
0 0.599121 0.094767 0.006836 0.010465
0 0.659668 0.077326 0.016602 0.017442
0 0.677246 0.118023 0.012695 0.015116
0 0.672363 0.163372 0.018555 0.019767
0 0.647949 0.150000 0.006836 0.006977
0 0.652344 0.207558 0.009766 0.015116
0 0.663574 0.216860 0.016602 0.017442
0 0.693359 0.229070 0.017578 0.018605
0 0.723633 0.231977 0.013672 0.022093
0 0.702637 0.273256 0.020508 0.025581
0 0.726562 0.265698 0.011719 0.015116
0 0.728516 0.308140 0.025391 0.027907
0 0.689453 0.338953 0.021484 0.026744
0 0.713379 0.334884 0.008789 0.009302
0 0.685547 0.362209 0.017578 0.017442
0 0.733398 0.372093 0.021484 0.025581
0 0.741699 0.345930 0.012695 0.017442
0 0.765625 0.350000 0.019531 0.018605
0 0.763184 0.374419 0.018555 0.018605
0 0.750000 0.411047 0.021484 0.029070
0 0.738770 0.436628 0.018555 0.024419
0 0.663086 0.443605 0.017578 0.029070
0 0.712402 0.479651 0.020508 0.022093
0 0.734863 0.479070 0.018555 0.020930
0 0.778320 0.503488 0.019531 0.023256
0 0.707031 0.193023 0.013672 0.016279
0 0.748047 0.124419 0.021484 0.020930
0 0.731445 0.201744 0.011719 0.010465
0 0.771973 0.241279 0.018555 0.015116
0 0.785645 0.269186 0.028320 0.029070
0 0.760254 0.289535 0.010742 0.011628
0 0.814941 0.228488 0.020508 0.022093
0 0.780762 0.218023 0.008789 0.012791
0 0.789062 0.227326 0.013672 0.012791
0 0.788574 0.198837 0.008789 0.009302
0 0.801758 0.205233 0.009766 0.012791
0 0.818848 0.169767 0.016602 0.020930
0 0.853516 0.041860 0.027344 0.025581
0 0.811523 0.078488 0.017578 0.019767
0 0.774902 0.010465 0.014648 0.013953
0 0.928223 0.250581 0.016602 0.017442
0 0.860840 0.313372 0.014648 0.015116
0 0.917480 0.486047 0.016602 0.018605
0 0.938477 0.491860 0.017578 0.025581
0 0.953125 0.502326 0.015625 0.016279
0 0.969238 0.503488 0.010742 0.018605
0 0.928223 0.537209 0.016602 0.023256
0 0.955078 0.557558 0.019531 0.022093
0 0.923828 0.562791 0.015625 0.016279
0 0.967773 0.574419 0.019531 0.016279
0 0.986328 0.557558 0.011719 0.015116
0 0.992188 0.586628 0.013672 0.022093
0 0.970215 0.598837 0.008789 0.011628
0 0.931152 0.670349 0.010742 0.012791
0 0.228516 0.878488 0.021484 0.026744
0 0.256348 0.887791 0.030273 0.026744
0 0.221191 0.913372 0.022461 0.029070
0 0.186523 0.944767 0.013672 0.015116
0 0.219238 0.954651 0.018555 0.023256
0 0.253906 0.945349 0.023438 0.023256
0 0.208008 0.990698 0.017578 0.018605
0 0.286621 0.975000 0.014648 0.017442
0 0.287598 0.911628 0.008789 0.011628
0 0.353027 0.897674 0.022461 0.025581
0 0.357422 0.930814 0.029297 0.024419
0 0.333008 0.966279 0.017578 0.023256
0 0.352051 0.956395 0.020508 0.017442
0 0.368164 0.975581 0.031250 0.027907
0 0.495117 0.915698 0.017578 0.031395
0 0.515625 0.904070 0.013672 0.012791
0 0.542480 0.911047 0.016602 0.022093
0 0.568848 0.920349 0.014648 0.029070
0 0.548828 0.866860 0.015625 0.017442
0 0.440430 0.873256 0.011719 0.011628
0 0.396484 0.893605 0.007812 0.010465
0 0.382812 0.950000 0.011719 0.013953
0 0.447754 0.994767 0.010742 0.010465
0 0.594727 0.980814 0.011719 0.012791
0 0.619629 0.894186 0.026367 0.027907
0 0.636230 0.943023 0.018555 0.023256
0 0.599121 0.950000 0.008789 0.011628
0 0.734375 0.875000 0.023438 0.031395
0 0.756348 0.887209 0.020508 0.025581
0 0.789062 0.896512 0.013672 0.018605
0 0.818848 0.933721 0.026367 0.027907
0 0.679199 0.914535 0.016602 0.010465
0 0.721191 0.511628 0.022461 0.023256
0 0.844727 0.961628 0.015625 0.032558
0 0.871582 0.961628 0.016602 0.018605
0 0.709473 0.991860 0.014648 0.013953
0 0.759766 0.994767 0.009766 0.010465
0 0.785156 0.995349 0.015625 0.009302
0 0.808594 0.995349 0.017578 0.009302
0 0.905273 0.965116 0.025391 0.020930
0 0.936523 0.949419 0.023438 0.031395
0 0.899902 0.938372 0.014648 0.013953
0 0.962402 0.919186 0.020508 0.022093
0 0.974121 0.884302 0.020508 0.017442
0 0.988281 0.916860 0.015625 0.017442
0 0.967773 0.968023 0.033203 0.050000
1 0.086426 0.478488 0.032227 0.012791
1 0.130859 0.476744 0.023438 0.018605
1 0.160645 0.483140 0.016602 0.033721
1 0.282715 0.475581 0.032227 0.023256
1 0.789551 0.413372 0.022461 0.022093
1 0.817383 0.865698 0.013672 0.031395
1 0.843262 0.880233 0.024414 0.016279
1 0.242188 0.291279 0.027344 0.017442
1 0.880859 0.234884 0.021484 0.016279
1 0.991699 0.315116 0.010742 0.023256
1 0.189941 0.063953 0.024414 0.018605
0 0.202637 0.143605 0.014648 0.015116
0 0.168945 0.131977 0.011719 0.010465
