0 0.019043 0.026163 0.020508 0.019767
0 0.010742 0.044186 0.015625 0.016279
0 0.008789 0.066279 0.015625 0.016279
0 0.005371 0.090698 0.008789 0.020930
0 0.062500 0.012791 0.019531 0.016279
0 0.099609 0.011047 0.011719 0.012791
0 0.118164 0.016279 0.013672 0.018605
0 0.096680 0.039535 0.013672 0.016279
0 0.086914 0.059302 0.023438 0.023256
0 0.116211 0.037209 0.013672 0.013953
0 0.050781 0.062209 0.013672 0.015116
0 0.083984 0.101163 0.021484 0.023256
0 0.031738 0.123256 0.010742 0.011628
0 0.065430 0.137209 0.015625 0.018605
0 0.068359 0.117442 0.007812 0.011628
0 0.077637 0.122093 0.006836 0.009302
0 0.036133 0.151744 0.011719 0.015116
0 0.015137 0.180233 0.014648 0.016279
0 0.052734 0.177907 0.017578 0.013953
0 0.044922 0.202326 0.019531 0.023256
0 0.063965 0.248837 0.016602 0.018605
0 0.018066 0.305233 0.024414 0.022093
0 0.038086 0.351163 0.019531 0.020930
0 0.039062 0.335465 0.009766 0.008140
0 0.098145 0.232558 0.012695 0.016279
0 0.095703 0.270930 0.011719 0.013953
0 0.136230 0.237791 0.022461 0.026744
0 0.127930 0.179651 0.013672 0.019767
0 0.144043 0.288372 0.022461 0.027907
0 0.166504 0.296512 0.020508 0.023256
0 0.192383 0.258721 0.025391 0.024419
0 0.191406 0.235465 0.011719 0.012791
0 0.084473 0.321512 0.014648 0.010465
0 0.203125 0.305233 0.017578 0.022093
0 0.235352 0.339535 0.023438 0.027907
0 0.067871 0.409302 0.010742 0.013953
0 0.105469 0.417442 0.017578 0.023256
0 0.121094 0.394767 0.015625 0.015116
0 0.208984 0.161628 0.017578 0.025581
0 0.174315 0.398256 0.008789 0.010465
0 0.201660 0.399419 0.010742 0.010465
0 0.195801 0.409302 0.008789 0.009302
0 0.226074 0.403488 0.018555 0.016279
0 0.262695 0.366860 0.019531 0.029070
0 0.291504 0.366279 0.014648 0.016279
0 0.308105 0.387209 0.016602 0.016279
0 0.327148 0.369186 0.021484 0.019767
0 0.323242 0.259302 0.021484 0.027907
0 0.321289 0.345349 0.011719 0.011628
0 0.337891 0.345930 0.011719 0.012791
0 0.358398 0.355233 0.021484 0.026744
0 0.387207 0.327907 0.020508 0.020930
0 0.102539 0.481977 0.015625 0.017442
0 0.109863 0.496512 0.010742 0.013953
0 0.086914 0.534302 0.019531 0.024419
0 0.089844 0.563372 0.023438 0.017442
0 0.087402 0.583721 0.018555 0.016279
0 0.057129 0.612209 0.020508 0.024419
0 0.067383 0.632558 0.007812 0.009302
0 0.036621 0.695349 0.016602 0.018605
0 0.213867 0.579651 0.025391 0.026744
0 0.246582 0.022093 0.012695 0.016279
0 0.211426 0.054651 0.018555 0.023256
0 0.223633 0.105814 0.009766 0.011628
0 0.248535 0.128488 0.022461 0.022093
0 0.362305 0.070349 0.015625 0.022093
0 0.410645 0.008721 0.022461 0.015116
0 0.377930 0.137791 0.013672 0.015116
0 0.386230 0.217442 0.014648 0.013953
0 0.432129 0.220349 0.018555 0.022093
0 0.438965 0.206395 0.014648 0.017442
0 0.444336 0.154070 0.015625 0.015116
0 0.499023 0.161628 0.013672 0.013953
0 0.396484 0.294767 0.021484 0.019767
0 0.412598 0.325581 0.012695 0.016279
0 0.389648 0.368023 0.023438 0.038372
0 0.338379 0.418023 0.016602 0.012791
0 0.370605 0.467442 0.024414 0.030233
0 0.243164 0.514535 0.019531 0.024419
0 0.280762 0.515115 0.020508 0.018605
0 0.310059 0.520930 0.016602 0.018605
0 0.263672 0.537209 0.025391 0.023256
0 0.304688 0.563953 0.011719 0.013953
0 0.335938 0.570930 0.023438 0.025581
0 0.404297 0.546512 0.017578 0.018605
0 0.402344 0.574419 0.021484 0.020930
0 0.062012 0.797093 0.014648 0.019767
0 0.112305 0.816279 0.021484 0.020930
0 0.176758 0.801744 0.015625 0.019767
0 0.146484 0.827326 0.017578 0.022093
0 0.064453 0.915115 0.017578 0.020930
0 0.092773 0.946512 0.017578 0.023256
0 0.122070 0.962791 0.025391 0.027907
0 0.079102 0.960465 0.013672 0.013953
0 0.079102 0.979070 0.019531 0.016279
0 0.241699 0.978488 0.016602 0.017442
0 0.423828 0.702907 0.017578 0.019767
0 0.443848 0.729070 0.026367 0.023256
0 0.498535 0.718605 0.016602 0.018605
0 0.517090 0.784302 0.020508 0.029070
0 0.510254 0.369767 0.022461 0.020930
0 0.540039 0.359884 0.029297 0.026744
0 0.498047 0.438372 0.021484 0.023256
0 0.538086 0.455814 0.025391 0.025581
0 0.527344 0.480233 0.023438 0.023256
0 0.520020 0.516860 0.020508 0.022093
0 0.505859 0.566279 0.015625 0.020930
0 0.566406 0.479651 0.011719 0.022093
0 0.557617 0.506977 0.013672 0.011628
0 0.580078 0.547093 0.011719 0.015116
0 0.501465 0.238953 0.012695 0.012791
0 0.561035 0.262791 0.020508 0.018605
0 0.545410 0.255814 0.006836 0.011628
0 0.395020 0.965115 0.006836 0.011628
0 0.427734 0.986628 0.013672 0.019767
0 0.611815 0.744186 0.018555 0.020930
0 0.645996 0.730233 0.014648 0.018605
0 0.638184 0.770930 0.014648 0.020930
0 0.674315 0.794186 0.012695 0.013953
0 0.690430 0.799419 0.015625 0.015116
0 0.669434 0.887209 0.016602 0.018605
0 0.715820 0.906395 0.013672 0.015116
0 0.721680 0.969186 0.023438 0.022093
0 0.728027 0.933140 0.018555 0.015116
0 0.714844 0.988953 0.013672 0.010465
0 0.722168 0.815115 0.010742 0.011628
0 0.772461 0.930233 0.017578 0.018605
0 0.751953 0.990698 0.015625 0.016279
0 0.753418 0.852326 0.016602 0.016279
0 0.750977 0.825581 0.011719 0.011628
0 0.766602 0.833721 0.015625 0.016279
0 0.789062 0.838372 0.021484 0.025581
0 0.877441 0.877907 0.014648 0.020930
0 0.828613 0.950581 0.014648 0.022093
0 0.845215 0.953488 0.012695 0.025581
0 0.862793 0.963953 0.012695 0.016279
0 0.883789 0.964535 0.019531 0.024419
0 0.909668 0.980233 0.018555 0.018605
0 0.840332 0.887791 0.010742 0.010465
0 0.895508 0.883140 0.011719 0.015116
0 0.716309 0.629651 0.014648 0.015116
0 0.949707 0.701744 0.024414 0.024419
0 0.977051 0.744767 0.022461 0.029070
0 0.958008 0.676163 0.019531 0.019767
0 0.973145 0.699419 0.012695 0.015116
0 0.686035 0.594186 0.010742 0.011628
0 0.704102 0.595930 0.011719 0.012791
0 0.734863 0.562791 0.012695 0.016279
0 0.715820 0.544186 0.017578 0.016279
0 0.732910 0.515115 0.022461 0.018605
0 0.834473 0.558140 0.014648 0.020930
0 0.841797 0.528488 0.019531 0.024419
0 0.612793 0.365698 0.020508 0.022093
0 0.637207 0.349419 0.012695 0.015116
0 0.689453 0.391860 0.019531 0.018605
0 0.759277 0.327907 0.014648 0.016279
0 0.711426 0.305814 0.014648 0.013953
0 0.792969 0.312209 0.019531 0.019767
0 0.770996 0.365698 0.018555 0.017442
0 0.810547 0.345930 0.015625 0.015116
0 0.766602 0.388372 0.009766 0.009302
0 0.729980 0.431977 0.008789 0.015116
0 0.721680 0.461047 0.013672 0.010465
0 0.711426 0.502326 0.010742 0.013953
0 0.785156 0.463372 0.015625 0.019767
0 0.777832 0.401163 0.016602 0.016279
0 0.799315 0.389535 0.018555 0.018605
0 0.830078 0.397093 0.019531 0.019767
0 0.812988 0.431977 0.022461 0.024419
0 0.844727 0.440115 0.009766 0.015116
0 0.859375 0.448837 0.013672 0.020930
0 0.940918 0.323837 0.012695 0.012791
0 0.951660 0.349419 0.014648 0.015116
0 0.523438 0.918605 0.007812 0.011628
0 0.517578 0.950000 0.009766 0.011628
0 0.630371 0.020349 0.020508 0.017442
0 0.627441 0.058140 0.006836 0.009302
0 0.610840 0.076744 0.012695 0.013953
0 0.626465 0.089535 0.010742 0.011628
0 0.605957 0.099419 0.024414 0.019767
0 0.580566 0.113372 0.008789 0.010465
0 0.679688 0.116860 0.031250 0.031395
0 0.714355 0.136047 0.024414 0.030233
0 0.708984 0.009884 0.025391 0.017442
0 0.750488 0.043605 0.020508 0.026744
0 0.720703 0.043605 0.011719 0.012791
0 0.729492 0.083140 0.023438 0.022093
0 0.784668 0.076163 0.024414 0.029070
0 0.737305 0.112791 0.021484 0.020930
0 0.749023 0.098256 0.009766 0.015116
0 0.761719 0.101163 0.009766 0.016279
0 0.773438 0.102907 0.019531 0.031395
0 0.740234 0.134302 0.015625 0.017442
0 0.604980 0.190698 0.024414 0.020930
0 0.659668 0.241860 0.014648 0.013953
0 0.725098 0.252326 0.016602 0.018605
0 0.757812 0.262209 0.019531 0.022093
0 0.755859 0.186628 0.013672 0.012791
0 0.770020 0.196512 0.020508 0.023256
0 0.776855 0.133140 0.006836 0.010465
0 0.810547 0.163372 0.017578 0.015116
0 0.832031 0.133721 0.015625 0.013953
0 0.804688 0.14011 0.015625 0.019767
0 0.818359 0.029651 0.017578 0.022093
0 0.817871 0.057558 0.008789 0.012791
0 0.816895 0.095930 0.014648 0.022093
0 0.858887 0.086047 0.020508 0.027907
0 0.856445 0.061047 0.013672 0.015116
0 0.900391 0.041860 0.013672 0.018605
0 0.890625 0.066279 0.021484 0.020930
0 0.899414 0.106395 0.017578 0.024419
0 0.867188 0.152326 0.023438 0.025581
0 0.887207 0.143605 0.014648 0.019767
0 0.907227 0.173256 0.017578 0.020930
0 0.929199 0.162791 0.020508 0.020930
0 0.936035 0.052326 0.010742 0.018605
0 0.956543 0.060465 0.016602 0.018605
0 0.928711 0.112209 0.011719 0.017442
0 0.950195 0.119186 0.011719 0.012791
0 0.985840 0.138372 0.012695 0.020930
0 0.972168 0.188953 0.014648 0.017442
0 0.835449 0.263372 0.020508 0.022093
0 0.841797 0.227907 0.013672 0.016279
0 0.875000 0.219186 0.013672 0.019767
0 0.891602 0.234302 0.013672 0.017442
0 0.916992 0.233140 0.021484 0.050000
0 0.892090 0.284302 0.010742 0.015116
0 0.954590 0.248837 0.012695 0.013953
0 0.275879 0.201163 0.006836 0.009302
0 0.288086 0.184302 0.007812 0.008140
0 0.229980 0.241860 0.010742 0.013953
1 0.158203 0.147674 0.029297 0.020930
1 0.191406 0.143605 0.023438 0.022093
1 0.227051 0.121512 0.014648 0.017442
1 0.312500 0.152907 0.027344 0.015116
1 0.231934 0.164535 0.018555 0.017442
1 0.260254 0.187791 0.030273 0.022093
1 0.117188 0.312209 0.027344 0.031395
1 0.087402 0.411047 0.026367 0.026744
1 0.208984 0.333140 0.027344 0.017442
1 0.232422 0.276744 0.017578 0.025581
1 0.226562 0.460465 0.027344 0.018605
1 0.021484 0.662791 0.013672 0.046512
1 0.005859 0.733140 0.009766 0.043023
1 0.015137 0.775000 0.026367 0.026744
1 0.081543 0.804651 0.018555 0.030233
1 0.104492 0.697093 0.039062 0.031395
1 0.046387 0.734302 0.020508 0.019767
1 0.128418 0.659302 0.041992 0.039535
1 0.139160 0.619767 0.014648 0.032558
1 0.147461 0.583721 0.017578 0.039535
1 0.151855 0.544767 0.020508 0.017442
1 0.267090 0.673256 0.036133 0.079070
1 0.205078 0.673837 0.033203 0.017442
1 0.114258 0.859302 0.031250 0.016279
1 0.147949 0.869767 0.020508 0.039535
1 0.266602 0.823256 0.029297 0.069767
1 0.282227 0.912209 0.031250 0.126744
1 0.236328 0.918605 0.035156 0.027907
1 0.321289 0.989535 0.011719 0.020930
1 0.353516 0.922093 0.066406 0.046512
1 0.340332 0.884302 0.010742 0.022093
1 0.458984 0.856977 0.052734 0.060465
1 0.319336 0.791860 0.021484 0.020930
1 0.355957 0.749419 0.026367 0.052326
1 0.405273 0.830233 0.011719 0.032558
1 0.388184 0.817442 0.018555 0.027907
1 0.482422 0.622674 0.048828 0.038372
1 0.543945 0.645930 0.068359 0.059302
1 0.547852 0.726163 0.072266 0.024419
1 0.639160 0.687791 0.079102 0.031395
1 0.643555 0.746512 0.035156 0.020930
1 0.679688 0.759884 0.031250 0.033721
1 0.725098 0.770930 0.030273 0.044186
1 0.727539 0.709884 0.019531 0.026744
1 0.776367 0.705233 0.054688 0.019767
1 0.783203 0.893605 0.048828 0.024419
1 0.681152 0.941860 0.038086 0.016279
1 0.799316 0.981977 0.024414 0.015116
1 0.849121 0.915116 0.079102 0.027907
1 0.868652 0.831977 0.020508 0.040698
1 0.907227 0.820930 0.021484 0.030233
1 0.972656 0.839535 0.025391 0.025581
1 0.986816 0.801744 0.016602 0.024419
1 0.945312 0.881395 0.025391 0.016279
1 0.838379 0.784884 0.038086 0.039535
1 0.881836 0.725000 0.041016 0.026744
1 0.854492 0.736047 0.029297 0.016279
1 0.889648 0.631395 0.054688 0.027907
1 0.774902 0.581395 0.047852 0.027907
1 0.547363 0.909302 0.051758 0.055814
1 0.412598 0.655233 0.057617 0.026744
1 0.914062 0.591860 0.025391 0.016279
1 0.940430 0.591860 0.009766 0.023256
1 0.979492 0.576163 0.039062 0.084884
1 0.950195 0.548837 0.013672 0.025581
1 0.955566 0.656977 0.030273 0.065116
1 0.804199 0.504070 0.051758 0.036047
1 0.676270 0.516279 0.010742 0.023256
1 0.656738 0.543023 0.022461 0.023256
1 0.689941 0.418023 0.016602 0.017442
1 0.872559 0.397093 0.014648 0.024419
1 0.923340 0.408721 0.010742 0.019767
1 0.405762 0.247674 0.020508 0.018605
1 0.462891 0.250000 0.041016 0.027907
1 0.513672 0.278488 0.039062 0.052326
1 0.629395 0.305814 0.065430 0.034884
1 0.621582 0.263953 0.020508 0.048837
1 0.641113 0.180233 0.016602 0.062791
1 0.478027 0.096512 0.043945 0.016279
1 0.511719 0.119186 0.050781 0.024419
1 0.554688 0.124419 0.029297 0.027907
1 0.518066 0.196512 0.018555 0.039535
1 0.555176 0.202326 0.012695 0.027907
1 0.478027 0.225581 0.020508 0.009302
1 0.723145 0.196512 0.038086 0.016279
1 0.675781 0.196512 0.011719 0.025581
1 0.988281 0.310465 0.013672 0.034884
1 0.833984 0.993605 0.033203 0.012791
