0 0.037598 0.512791 0.008789 0.011628
0 0.068848 0.530814 0.049805 0.052326
1 0.016113 0.202907 0.026367 0.017442
1 0.145508 0.399419 0.035156 0.054651
1 0.498535 0.640116 0.106445 0.363953
1 0.577148 0.782558 0.031250 0.074419
1 0.620117 0.697674 0.042969 0.088372
1 0.608398 0.879651 0.132812 0.240698
1 0.847656 0.919767 0.054688 0.151163
1 0.447266 0.046512 0.095703 0.088372
1 0.578125 0.093605 0.033203 0.031395
1 0.755859 0.508140 0.107422 0.153488
1 0.907227 0.533140 0.037109 0.105814
1 0.946289 0.263372 0.107422 0.354651
1 0.984375 0.688953 0.031250 0.063953
