0 0.060547 0.162791 0.037109 0.044186
0 0.307129 0.021512 0.043945 0.040698
0 0.123535 0.196512 0.016602 0.016279
0 0.051758 0.059884 0.013672 0.015116
0 0.017090 0.165698 0.010742 0.015116
0 0.052734 0.236628 0.017578 0.012791
0 0.539062 0.617442 0.035156 0.037209
0 0.400879 0.883721 0.036133 0.051163
0 0.510742 0.822093 0.031250 0.030233
0 0.308594 0.956977 0.019531 0.023256
0 0.464844 0.949419 0.046875 0.054651
0 0.515137 0.885465 0.034180 0.036047
0 0.526367 0.923837 0.013672 0.017442
0 0.559570 0.952907 0.015625 0.017442
0 0.578613 0.890698 0.018555 0.020930
0 0.600098 0.857558 0.014648 0.015116
0 0.583496 0.871512 0.010742 0.008140
0 0.743164 0.792442 0.039062 0.040698
0 0.764648 0.723256 0.017578 0.030233
0 0.683105 0.787791 0.014648 0.015116
0 0.863770 0.938372 0.055664 0.051163
0 0.798340 0.984302 0.034180 0.031395
0 0.940430 0.904070 0.035156 0.040698
0 0.978516 0.879070 0.019531 0.025581
0 0.963379 0.974419 0.010742 0.018605
0 0.924316 0.383140 0.036133 0.036047
0 0.884277 0.410465 0.016602 0.025581
1 0.147949 0.324419 0.059570 0.032558
1 0.230957 0.220930 0.079102 0.039535
1 0.257812 0.338953 0.064453 0.031395
1 0.458496 0.077326 0.043945 0.052326
1 0.248535 0.676163 0.077148 0.047674
1 0.350098 0.613372 0.043945 0.033721
1 0.346191 0.662209 0.069336 0.045349
1 0.433105 0.710465 0.055664 0.025581
1 0.215332 0.922093 0.047852 0.072093
1 0.074707 0.944186 0.030273 0.018605
1 0.466309 0.777907 0.036133 0.058140
1 0.533203 0.752326 0.103516 0.118605
1 0.673828 0.679651 0.042969 0.036047
1 0.779785 0.954070 0.051758 0.022093
1 0.972168 0.563372 0.055664 0.040698
1 0.803223 0.586047 0.112305 0.039535
1 0.593750 0.444186 0.056641 0.039535
1 0.718750 0.331977 0.060547 0.094186
1 0.792480 0.120349 0.084961 0.084884
1 0.985352 0.297093 0.029297 0.052326
1 0.431641 0.365698 0.023438 0.043023
0 0.382324 0.307558 0.010742 0.010465
0 0.357910 0.159884 0.014648 0.015116
0 0.226074 0.169186 0.014648 0.012791
0 0.038086 0.752326 0.009766 0.016279
0 0.784668 0.334884 0.014648 0.013953
