0 0.029297 0.144767 0.025391 0.031395
0 0.009277 0.156977 0.016602 0.041860
0 0.209961 0.090698 0.019531 0.025581
0 0.267578 0.072674 0.025391 0.036047
0 0.047363 0.431977 0.024414 0.024419
0 0.034180 0.372674 0.009766 0.010465
0 0.204102 0.338953 0.025391 0.031395
0 0.120117 0.454070 0.023438 0.031395
0 0.177734 0.488372 0.015625 0.020930
0 0.200195 0.497674 0.021484 0.023256
0 0.213379 0.391279 0.016602 0.019767
0 0.260254 0.370930 0.028320 0.032558
0 0.275391 0.465698 0.037109 0.043023
0 0.295898 0.501163 0.021484 0.025581
0 0.294922 0.522674 0.019531 0.019767
0 0.342285 0.416279 0.032227 0.039535
0 0.042969 0.743023 0.029297 0.039535
0 0.108398 0.713953 0.023438 0.032558
0 0.128418 0.697093 0.024414 0.033721
0 0.165039 0.675000 0.023438 0.029070
0 0.126465 0.803488 0.024414 0.027907
0 0.170898 0.795349 0.023438 0.030233
0 0.197266 0.777326 0.019531 0.036047
0 0.220215 0.758721 0.026367 0.033721
0 0.276367 0.736628 0.035156 0.056977
0 0.347168 0.676163 0.030273 0.029070
0 0.338867 0.707558 0.025391 0.026744
0 0.412109 0.660465 0.039062 0.048837
0 0.458984 0.640698 0.041016 0.051163
0 0.516602 0.598256 0.050781 0.047674
0 0.575684 0.626744 0.022461 0.023256
0 0.634766 0.678488 0.025391 0.024419
0 0.629883 0.533721 0.046875 0.058140
0 0.673340 0.521512 0.034180 0.043023
0 0.693848 0.493023 0.022461 0.032558
0 0.723145 0.487209 0.034180 0.032558
0 0.721191 0.457558 0.022461 0.022093
0 0.430664 0.379651 0.021484 0.026744
0 0.499023 0.327907 0.027344 0.032558
0 0.556152 0.297093 0.032227 0.031395
0 0.613770 0.291860 0.018555 0.020930
0 0.643555 0.243023 0.011719 0.016279
0 0.749512 0.180814 0.026367 0.031395
0 0.778809 0.214535 0.024414 0.036047
0 0.821777 0.415698 0.051758 0.052326
0 0.834961 0.339535 0.019531 0.023256
0 0.846680 0.263372 0.023438 0.024419
0 0.877930 0.171512 0.023438 0.026744
0 0.934570 0.031395 0.037109 0.041860
0 0.987305 0.097093 0.025391 0.047674
0 0.989258 0.328488 0.021484 0.031395
0 0.968262 0.736047 0.038086 0.046512
0 0.869141 0.508721 0.015625 0.015116
0 0.917969 0.368605 0.019531 0.018605
0 0.841797 0.107558 0.011719 0.012791
0 0.934570 0.091279 0.011719 0.015116
0 0.914062 0.144186 0.013672 0.013953
1 0.344727 0.258721 0.046875 0.036047
1 0.396973 0.245930 0.053711 0.040698
1 0.448730 0.211628 0.053711 0.041860
1 0.329590 0.014535 0.020508 0.026744
1 0.039062 0.477326 0.072266 0.124419
1 0.168457 0.454651 0.040039 0.058140
1 0.393066 0.620930 0.032227 0.018605
1 0.020020 0.812791 0.032227 0.030233
1 0.252441 0.910465 0.159180 0.069767
1 0.382812 0.906395 0.042969 0.091860
1 0.286621 0.974419 0.053711 0.046512
1 0.336426 0.976163 0.026367 0.047674
1 0.795898 0.950000 0.054688 0.100000
1 0.841309 0.664535 0.317383 0.154651
1 0.492188 0.904651 0.025391 0.032558
1 0.691895 0.848256 0.024414 0.026744
1 0.744629 0.074419 0.038086 0.067442
1 0.958008 0.249419 0.070312 0.108140
1 0.837402 0.251163 0.032227 0.039535
1 0.817383 0.195930 0.019531 0.036047
1 0.786621 0.016279 0.036133 0.030233
1 0.610840 0.098837 0.030273 0.018605
1 0.412109 0.060465 0.019531 0.020930
1 0.578613 0.373837 0.045898 0.033721
1 0.053223 0.682558 0.014648 0.048837
