1 0.176758 0.528488 0.060547 0.089535
1 0.014160 0.627326 0.026367 0.019767
1 0.085449 0.608140 0.024414 0.032558
1 0.171387 0.600581 0.038086 0.038372
1 0.196289 0.641860 0.017578 0.025581
1 0.250000 0.662209 0.035156 0.017442
1 0.375977 0.707558 0.082031 0.036047
1 0.438965 0.709302 0.018555 0.044186
1 0.425781 0.759302 0.095703 0.055814
1 0.437500 0.851744 0.064453 0.050000
1 0.394043 0.869767 0.024414 0.018605
1 0.154785 0.899419 0.065430 0.063953
1 0.073242 0.935465 0.062500 0.091860
1 0.206055 0.980814 0.050781 0.038372
1 0.355469 0.956977 0.060547 0.067442
1 0.306641 0.976744 0.021484 0.020930
1 0.462402 0.953488 0.041992 0.051163
1 0.469238 0.919767 0.020508 0.013953
1 0.395508 0.904651 0.017578 0.027907
1 0.519043 0.870930 0.038086 0.053488
1 0.552246 0.848256 0.022461 0.047674
1 0.584961 0.827907 0.029297 0.027907
1 0.615234 0.825000 0.039062 0.054651
1 0.657227 0.754070 0.044922 0.098837
1 0.684082 0.852326 0.061523 0.062791
1 0.594727 0.897093 0.037109 0.087209
1 0.562012 0.984302 0.024414 0.031395
1 0.616699 0.976744 0.028320 0.046512
1 0.680176 0.584884 0.176758 0.074419
1 0.758789 0.700581 0.019531 0.043023
1 0.806641 0.693023 0.033203 0.034884
1 0.819336 0.826163 0.039062 0.061628
1 0.823242 0.973256 0.078125 0.053488
1 0.983398 0.791279 0.033203 0.031395
1 0.979004 0.872674 0.041992 0.047674
1 0.852539 0.628488 0.046875 0.036047
1 0.893555 0.609302 0.027344 0.016279
1 0.897949 0.445930 0.081055 0.075581
1 0.729492 0.383721 0.039062 0.058140
1 0.769043 0.469767 0.034180 0.046512
1 0.821777 0.349419 0.047852 0.024419
1 0.781738 0.205233 0.047852 0.038372
1 0.756836 0.228488 0.023438 0.033721
1 0.643066 0.180233 0.047852 0.023256
1 0.695801 0.146512 0.022461 0.023256
1 0.697754 0.175000 0.036133 0.024419
1 0.734863 0.195930 0.028320 0.019767
1 0.820312 0.068023 0.044922 0.024419
1 0.882324 0.017442 0.034180 0.032558
1 0.858398 0.179070 0.023438 0.023256
1 0.914062 0.212209 0.021484 0.012791
1 0.931641 0.135465 0.042969 0.026744
1 0.644043 0.265116 0.018555 0.027907
1 0.624023 0.302326 0.021484 0.039535
1 0.912598 0.310465 0.024414 0.016279
1 0.805664 0.231977 0.021484 0.022093
1 0.516602 0.183721 0.042969 0.030233
1 0.646973 0.015116 0.036133 0.020930
1 0.736328 0.030233 0.013672 0.025581
1 0.295898 0.193605 0.048828 0.038372
1 0.202148 0.070930 0.046875 0.048837
1 0.185547 0.016279 0.042969 0.030233
1 0.185547 0.323837 0.037109 0.029070
1 0.024414 0.338372 0.046875 0.037209
1 0.266113 0.497674 0.043945 0.065116
1 0.187012 0.144767 0.024414 0.017442
1 0.208984 0.186628 0.025391 0.024419
1 0.450195 0.372674 0.082031 0.045349
1 0.222656 0.846512 0.023438 0.044186
0 0.095703 0.171512 0.011719 0.022093
0 0.139648 0.195930 0.013672 0.015116
0 0.175293 0.126163 0.016602 0.019767
0 0.268066 0.126163 0.012695 0.015116
0 0.295410 0.111628 0.022461 0.020930
0 0.325195 0.052326 0.017578 0.025581
0 0.373535 0.024419 0.018555 0.018605
0 0.428711 0.036628 0.017578 0.019767
0 0.375000 0.070930 0.015625 0.018605
0 0.393066 0.060465 0.010742 0.018605
0 0.151855 0.388953 0.018555 0.012791
0 0.212891 0.361628 0.019531 0.016279
0 0.246582 0.336047 0.014648 0.018605
0 0.260742 0.330814 0.019531 0.019767
0 0.071289 0.432558 0.013672 0.013953
0 0.049805 0.411628 0.050781 0.051163
0 0.037598 0.475000 0.024414 0.024419
0 0.031738 0.513372 0.012695 0.019767
0 0.046387 0.549419 0.022461 0.024419
0 0.030273 0.618023 0.019531 0.017442
0 0.115234 0.566279 0.019531 0.023256
0 0.092285 0.576744 0.012695 0.013953
0 0.131836 0.618023 0.019531 0.022093
0 0.110352 0.633721 0.019531 0.020930
0 0.088867 0.647674 0.015625 0.023256
0 0.072266 0.651744 0.013672 0.019767
0 0.037109 0.705233 0.019531 0.017442
0 0.053223 0.684302 0.014648 0.012791
0 0.143555 0.669767 0.017578 0.020930
0 0.033203 0.807558 0.023438 0.022093
0 0.067871 0.786047 0.026367 0.023256
0 0.005371 0.797674 0.008789 0.018605
0 0.125977 0.759884 0.015625 0.024419
0 0.151855 0.746512 0.016602 0.020930
0 0.211426 0.714535 0.022461 0.026744
0 0.180664 0.681977 0.021484 0.022093
0 0.215332 0.635465 0.016602 0.017442
0 0.218262 0.651744 0.016602 0.015116
0 0.209473 0.663372 0.012695 0.015116
0 0.268555 0.625581 0.019531 0.020930
0 0.308594 0.609302 0.029297 0.023256
0 0.330566 0.594186 0.016602 0.013953
0 0.215820 0.573256 0.021484 0.020930
0 0.241211 0.485465 0.017578 0.017442
0 0.270020 0.472093 0.012695 0.020930
0 0.237793 0.419186 0.022461 0.024419
0 0.307617 0.483721 0.017578 0.020930
0 0.349609 0.428488 0.013672 0.017442
0 0.377930 0.443605 0.015625 0.017442
0 0.353516 0.454070 0.009766 0.010465
0 0.335449 0.501744 0.008789 0.010465
0 0.348633 0.506395 0.013672 0.015116
0 0.386719 0.490116 0.017578 0.019767
0 0.396973 0.514535 0.020508 0.022093
0 0.353027 0.305233 0.014648 0.015116
0 0.381836 0.297674 0.015625 0.016279
0 0.420410 0.465116 0.020508 0.016279
0 0.466797 0.447093 0.021484 0.019767
0 0.499512 0.422674 0.018555 0.022093
0 0.528320 0.407558 0.021484 0.017442
0 0.332031 0.652907 0.011719 0.017442
0 0.307129 0.655233 0.014648 0.017442
0 0.345215 0.643605 0.010742 0.019767
0 0.355957 0.634302 0.014648 0.017442
0 0.386719 0.625000 0.017578 0.031395
0 0.404785 0.607558 0.008789 0.019767
0 0.422363 0.601163 0.016602 0.032558
0 0.454102 0.586628 0.019531 0.026744
0 0.479004 0.579651 0.024414 0.026744
0 0.509766 0.554651 0.027344 0.027907
0 0.537598 0.569186 0.012695 0.010465
0 0.565918 0.523837 0.024414 0.026744
0 0.586426 0.516860 0.018555 0.024419
0 0.597656 0.502326 0.013672 0.013953
0 0.611328 0.499419 0.019531 0.017442
0 0.611816 0.485465 0.012695 0.015116
0 0.663574 0.466279 0.028320 0.027907
0 0.557617 0.404651 0.009766 0.013953
0 0.625488 0.350000 0.010742 0.011628
0 0.641113 0.368605 0.012695 0.020930
0 0.675781 0.390698 0.009766 0.020930
0 0.721191 0.277326 0.026367 0.022093
0 0.751465 0.308140 0.026367 0.030233
0 0.692871 0.345930 0.012695 0.017442
0 0.669922 0.427907 0.011719 0.016279
0 0.874023 0.352326 0.023438 0.030233
0 0.849609 0.363953 0.021484 0.020930
0 0.923828 0.327326 0.017578 0.022093
0 0.957520 0.304070 0.032227 0.024419
0 0.992188 0.287209 0.015625 0.025581
1 0.929688 0.378488 0.068359 0.029070
1 0.719727 0.131395 0.015625 0.025581
0 0.785156 0.150581 0.023438 0.024419
0 0.896484 0.236047 0.019531 0.023256
0 0.777832 0.277326 0.016602 0.012791
0 0.784180 0.297674 0.009766 0.011628
0 0.809570 0.280814 0.015625 0.012791
0 0.801758 0.310465 0.009766 0.011628
0 0.982422 0.036628 0.017578 0.019767
0 0.963379 0.051744 0.008789 0.012791
0 0.801270 0.590698 0.012695 0.023256
0 0.810547 0.576744 0.011719 0.013953
0 0.983887 0.911628 0.022461 0.020930
0 0.967285 0.952326 0.014648 0.018605
0 0.904297 0.988372 0.035156 0.023256
0 0.886719 0.983721 0.017578 0.030233
1 0.469238 0.055233 0.040039 0.047674
1 0.590820 0.009302 0.039062 0.016279
0 0.957031 0.838953 0.023438 0.029070
0 0.974121 0.880233 0.020508 0.018605
