0 0.086426 0.194186 0.018555 0.016279
0 0.051758 0.261047 0.013672 0.022093
0 0.140625 0.206977 0.015625 0.016279
0 0.181641 0.193023 0.013672 0.013953
0 0.107422 0.323256 0.013672 0.016279
0 0.180664 0.288953 0.011719 0.010465
0 0.065430 0.387791 0.021484 0.022093
0 0.099609 0.380814 0.011719 0.012791
0 0.012695 0.479070 0.023438 0.018605
0 0.108887 0.423837 0.012695 0.015116
0 0.076660 0.456977 0.008789 0.013953
0 0.188965 0.381395 0.022461 0.023256
0 0.082031 0.585465 0.007812 0.017442
0 0.107422 0.604651 0.013672 0.013953
0 0.133301 0.637209 0.012695 0.013953
0 0.110352 0.651163 0.015625 0.020930
0 0.194824 0.603488 0.012695 0.013953
0 0.086914 0.780814 0.015625 0.022093
0 0.058105 0.845349 0.014648 0.020930
0 0.073730 0.893023 0.018555 0.023256
0 0.008301 0.927907 0.014648 0.018605
0 0.020020 0.856395 0.016602 0.012791
0 0.432129 0.882558 0.028320 0.032558
0 0.452637 0.926163 0.012695 0.017442
0 0.464355 0.955233 0.020508 0.022093
0 0.283691 0.333721 0.018555 0.020930
0 0.259277 0.347674 0.008789 0.011628
0 0.300293 0.322093 0.008789 0.009302
0 0.321777 0.318605 0.022461 0.018605
0 0.345215 0.302326 0.012695 0.011628
0 0.367676 0.290698 0.020508 0.027907
0 0.386719 0.019186 0.021484 0.017442
0 0.463867 0.007558 0.015625 0.012791
0 0.541504 0.016279 0.022461 0.023256
0 0.559570 0.048256 0.025391 0.024419
0 0.391113 0.068605 0.014648 0.018605
0 0.411621 0.069767 0.018555 0.013953
0 0.422852 0.100581 0.011719 0.010465
0 0.412598 0.127326 0.010742 0.012791
0 0.437500 0.123256 0.021484 0.020930
0 0.444824 0.145349 0.022461 0.025581
0 0.435547 0.177907 0.013672 0.020930
0 0.459961 0.173256 0.011719 0.016279
0 0.468750 0.191279 0.017578 0.019767
0 0.496094 0.161047 0.017578 0.019767
0 0.462891 0.104070 0.013672 0.015116
0 0.485840 0.090116 0.010742 0.015116
0 0.502930 0.087791 0.013672 0.012791
0 0.414551 0.213372 0.010742 0.012791
0 0.461914 0.240116 0.019531 0.022093
0 0.478027 0.225000 0.020508 0.019767
0 0.474121 0.266860 0.016602 0.015116
0 0.529785 0.247093 0.016602 0.019767
0 0.507324 0.289535 0.018555 0.016279
0 0.492676 0.311047 0.026367 0.022093
0 0.521973 0.308721 0.024414 0.026744
0 0.509277 0.350000 0.018555 0.018605
0 0.515625 0.208140 0.017578 0.013953
0 0.575684 0.081395 0.012695 0.011628
0 0.568848 0.094186 0.008789 0.009302
0 0.584473 0.104651 0.012695 0.011628
0 0.590332 0.119767 0.010742 0.013953
0 0.649414 0.129651 0.013672 0.015116
0 0.343262 0.415116 0.010742 0.009302
0 0.401367 0.641279 0.013672 0.017442
0 0.561035 0.316279 0.008789 0.009302
0 0.549805 0.294186 0.013672 0.011628
0 0.561035 0.336047 0.008789 0.009302
0 0.565430 0.353488 0.007812 0.011628
0 0.719727 0.301744 0.013672 0.017442
0 0.723633 0.356977 0.011719 0.016279
0 0.724609 0.328488 0.009766 0.010465
0 0.781250 0.408721 0.013672 0.017442
0 0.739258 0.816860 0.011719 0.017442
1 0.202637 0.101744 0.069336 0.070930
1 0.043457 0.161047 0.043945 0.026744
1 0.008301 0.118605 0.014648 0.023256
1 0.256836 0.065116 0.021484 0.025581
1 0.270996 0.120349 0.024414 0.036047
1 0.340820 0.205814 0.021484 0.039535
1 0.366211 0.029070 0.027344 0.055814
1 0.388184 0.019767 0.016602 0.037209
1 0.323242 0.344186 0.017578 0.048837
1 0.330078 0.418023 0.021484 0.052326
1 0.430664 0.296512 0.017578 0.048837
1 0.192383 0.373256 0.013672 0.072093
1 0.279785 0.473837 0.034180 0.024419
1 0.600098 0.525000 0.034180 0.052326
1 0.639648 0.413953 0.046875 0.079070
1 0.686523 0.462209 0.013672 0.031395
1 0.883301 0.443605 0.018555 0.029070
1 0.928223 0.484302 0.063477 0.087209
1 0.935547 0.537209 0.013672 0.034884
1 0.972656 0.610465 0.017578 0.032558
1 0.181152 0.668605 0.020508 0.072093
1 0.202148 0.756977 0.056641 0.039535
1 0.187012 0.876163 0.018555 0.047674
1 0.147461 0.882558 0.015625 0.027907
1 0.078125 0.914535 0.013672 0.026744
1 0.040039 0.986047 0.021484 0.018605
1 0.231934 0.884884 0.045898 0.034884
1 0.256836 0.836047 0.017578 0.041860
1 0.329102 0.795349 0.140625 0.081395
1 0.734375 0.872674 0.031250 0.059302
1 0.604980 0.679070 0.024414 0.034884
1 0.696289 0.944186 0.015625 0.034884
1 0.669434 0.980814 0.018555 0.038372
1 0.774902 0.949419 0.092773 0.087209
1 0.975586 0.830233 0.019531 0.067442
1 0.777832 0.609302 0.053711 0.020930
1 0.849121 0.530814 0.067383 0.033721
1 0.570312 0.720930 0.025391 0.020930
1 0.673828 0.641860 0.017578 0.023256
1 0.737305 0.679651 0.019531 0.024419
1 0.648438 0.724419 0.027344 0.048837
1 0.013672 0.339535 0.023438 0.027907
1 0.665039 0.083140 0.056641 0.036047
1 0.733398 0.081395 0.041016 0.025581
1 0.660645 0.179651 0.018555 0.026744
1 0.696289 0.193605 0.041016 0.056977
1 0.841797 0.202326 0.019531 0.062791
1 0.881348 0.233140 0.028320 0.031395
1 0.895996 0.260465 0.014648 0.020930
1 0.940918 0.294767 0.047852 0.056977
1 0.919434 0.116860 0.012695 0.031395
1 0.970703 0.019186 0.011719 0.036047
1 0.299316 0.600000 0.016602 0.020930
1 0.608398 0.242442 0.025391 0.040698
1 0.549805 0.172674 0.017578 0.038372
1 0.560059 0.225000 0.038086 0.024419
1 0.041992 0.700000 0.027344 0.025581
1 0.359863 0.111047 0.028320 0.036047
